	 37.0000 6.935063e-06
	112.0000 6.972762e-06
	194.0000 7.120706e-06
	288.0000 7.269297e-06
	395.0000 7.442145e-06
	520.0000 7.624299e-06
	667.0000 8.228085e-06
	843.0000 8.849099e-06
	1062.0000 8.860848e-06
	1331.0000 8.809158e-06
	1664.0000 8.838323e-06
	2055.0000 8.967589e-06
	2505.0000 9.117020e-06
	3000.0000 9.323524e-06
	3500.0000 9.666342e-06
	4000.0000 9.918107e-06
	4500.0000 1.006341e-05
	5000.0000 1.026676e-05
	5500.0000 1.051465e-05
	6000.0000 1.032751e-05
	6500.0000 9.848754e-06
	7000.0000 9.258505e-06
	7500.0000 8.547865e-06
	8000.0000 7.686921e-06
	8500.0000 7.737861e-06
	9000.0000 7.943607e-06
	9500.0000 7.738216e-06
	10000.0000 7.468402e-06
	10500.0000 7.170598e-06
	11000.0000 6.706905e-06
	11500.0000 5.749873e-06
	12000.0000 4.880586e-06
	12500.0000 3.289048e-06
	13000.0000 2.391505e-06
	13500.0000 1.776551e-06
	14000.0000 1.487808e-06
	14500.0000 1.390070e-06
	15000.0000 1.388464e-06
	15500.0000 1.435855e-06
	16000.0000 1.514285e-06
	16500.0000 1.564241e-06
	17000.0000 1.679945e-06
	17500.0000 1.878958e-06
	18000.0000 2.087261e-06
	18500.0000 2.441177e-06
	19000.0000 2.794902e-06
	19500.0000 3.205229e-06
	20000.0000 3.651663e-06
	20500.0000 4.096138e-06
	21000.0000 4.631606e-06
	21500.0000 5.197973e-06
	22000.0000 5.985214e-06
	22500.0000 6.841004e-06
	23000.0000 7.842177e-06
	23500.0000 9.044298e-06
	24000.0000 1.024795e-05
	24500.0000 1.170097e-05
	25000.0000 1.316056e-05
	25500.0000 1.466646e-05
	26000.0000 1.619502e-05
	26500.0000 1.765900e-05
	27000.0000 1.898668e-05
	27500.0000 2.032857e-05
	28000.0000 2.168641e-05
	28500.0000 2.308257e-05
	29000.0000 2.443595e-05
	29500.0000 2.578914e-05
	30000.0000 2.718043e-05
	30500.0000 2.852544e-05
	31000.0000 2.994579e-05
	31500.0000 3.123099e-05
	32000.0000 3.253102e-05
	32500.0000 3.379829e-05
	33000.0000 3.503393e-05