	 z[m]	 qvprof[g/kg]
	 37.0000  14.0703
	112.0000  13.8110
	194.0000  13.7437
	288.0000  13.6127
	395.0000  13.4554
	520.0000  13.1871
	667.0000  12.7119
	843.0000  11.9871
	1062.0000  11.1738
	1331.0000  10.3177
	1664.0000   9.3974
	2055.0000   8.4136
	2505.0000   7.3600
	3000.0000   6.2942
	3500.0000   5.2964
	4000.0000   4.3683
	4500.0000   3.5373
	5000.0000   2.8376
	5500.0000   2.2392
	6000.0000   1.7122
	6500.0000   1.2609
	7000.0000   0.9031
	7500.0000   0.6368
	8000.0000   0.4421
	8500.0000   0.3019
	9000.0000   0.2030
	9500.0000   0.1341
	10000.0000   0.0867
	10500.0000   0.0547
	11000.0000   0.0337
	11500.0000   0.0198
	12000.0000   0.0110
	12500.0000   0.0050
	13000.0000   0.0021
	13500.0000   0.0010
	14000.0000   0.0009
	14500.0000   0.0010
	15000.0000   0.0011
	15500.0000   0.0012
	16000.0000   0.0013
	16500.0000   0.0013
	17000.0000   0.0013
	17500.0000   0.0013
	18000.0000   0.0013
	18500.0000   0.0012
	19000.0000   0.0011
	19500.0000   0.0009
	20000.0000   0.0007
	20500.0000   0.0004
	21000.0000   0.0001
	21500.0000   0.0000
	22000.0000   0.0000
	22500.0000   0.0000
	23000.0000   0.0000
	23500.0000   0.0000
	24000.0000   0.0000
	24500.0000   0.0000
	25000.0000   0.0000
	25500.0000   0.0000
	26000.0000   0.0000
	26500.0000   0.0000
	27000.0000   0.0000
	27500.0000   0.0000
	28000.0000   0.0000
	28500.0000   0.0000
	29000.0000   0.0000
	29500.0000   0.0000
	30000.0000   0.0000
	30500.0000   0.0000
	31000.0000   0.0000
	31500.0000   0.0000
	32000.0000   0.0000
	32500.0000   0.0000
	33000.0000   0.0000