	 37.0000 5.562695e-06
	112.0000 -9.011223e-06
	194.0000 -1.256707e-05
	288.0000 -1.252865e-05
	395.0000 -1.212203e-05
	520.0000 -1.105663e-05
	667.0000 -1.212993e-05
	843.0000 -1.349521e-05
	1062.0000 -1.274447e-05
	1331.0000 -1.169212e-05
	1664.0000 -1.032162e-05
	2055.0000 -9.344843e-06
	2505.0000 -8.870504e-06
	3000.0000 -8.905042e-06
	3500.0000 -9.858339e-06
	4000.0000 -1.128844e-05
	4500.0000 -1.259245e-05
	5000.0000 -1.348902e-05
	5500.0000 -1.382922e-05
	6000.0000 -1.401700e-05
	6500.0000 -1.419569e-05
	7000.0000 -1.396335e-05
	7500.0000 -1.335345e-05
	8000.0000 -1.291881e-05
	8500.0000 -1.145799e-05
	9000.0000 -9.912964e-06
	9500.0000 -8.714269e-06
	10000.0000 -7.675358e-06
	10500.0000 -7.093315e-06
	11000.0000 -6.831528e-06
	11500.0000 -6.754834e-06
	12000.0000 -5.237201e-06
	12500.0000 -2.749330e-06
	13000.0000 2.650810e-07
	13500.0000 2.188991e-06
	14000.0000 3.226340e-06
	14500.0000 2.487209e-06
	15000.0000 1.405624e-06
	15500.0000 6.547711e-07
	16000.0000 1.320113e-07
	16500.0000 -3.070144e-07
	17000.0000 -4.029192e-07
	17500.0000 -8.113017e-08
	18000.0000 2.561425e-08
	18500.0000 6.096607e-07
	19000.0000 5.475990e-07
	19500.0000 6.282982e-07
	20000.0000 1.452848e-07
	20500.0000 3.411380e-07
	21000.0000 3.005395e-07
	21500.0000 1.208146e-07
	22000.0000 -3.839798e-07
	22500.0000 7.143908e-07
	23000.0000 1.839598e-06
	23500.0000 1.598968e-06
	24000.0000 6.743446e-07
	24500.0000 3.746206e-08
	25000.0000 -4.369879e-07
	25500.0000 -7.391030e-07
	26000.0000 -8.632032e-07
	26500.0000 -1.062201e-06
	27000.0000 -1.282946e-06
	27500.0000 -1.301716e-06
	28000.0000 -1.264722e-06
	28500.0000 -1.096374e-06
	29000.0000 -1.628452e-06
	29500.0000 -1.670983e-06
	30000.0000 -1.635538e-06
	30500.0000 -1.668599e-06
	31000.0000 -1.751736e-06
	31500.0000 -1.889436e-06
	32000.0000 -2.034904e-06
	32500.0000 -2.943083e-06
	33000.0000 4.325885e-06