	 z[m]	 (dt/dt)rad[K/s]
0	74
	 37.0000 -1.372369e-06
	112.0000 -1.598399e-05
	194.0000 -1.968778e-05
	288.0000 -1.979794e-05
	395.0000 -1.956417e-05
	520.0000 -1.868093e-05
	667.0000 -2.035801e-05
	843.0000 -2.234431e-05
	1062.0000 -2.160532e-05
	1331.0000 -2.050128e-05
	1664.0000 -1.915994e-05
	2055.0000 -1.831243e-05
	2505.0000 -1.798752e-05
	3000.0000 -1.822857e-05
	3500.0000 -1.952468e-05
	4000.0000 -2.120654e-05
	4500.0000 -2.265586e-05
	5000.0000 -2.375578e-05
	5500.0000 -2.434387e-05
	6000.0000 -2.434451e-05
	6500.0000 -2.404444e-05
	7000.0000 -2.322186e-05
	7500.0000 -2.190132e-05
	8000.0000 -2.060573e-05
	8500.0000 -1.919585e-05
	9000.0000 -1.785657e-05
	9500.0000 -1.645248e-05
	10000.0000 -1.514376e-05
	10500.0000 -1.426391e-05
	11000.0000 -1.353843e-05
	11500.0000 -1.250471e-05
	12000.0000 -1.011779e-05
	12500.0000 -6.038378e-06
	13000.0000 -2.126424e-06
	13500.0000 4.124398e-07
	14000.0000 1.738532e-06
	14500.0000 1.097139e-06
	15000.0000 1.715939e-08
	15500.0000 -7.810842e-07
	16000.0000 -1.382274e-06
	16500.0000 -1.871256e-06
	17000.0000 -2.082864e-06
	17500.0000 -1.960088e-06
	18000.0000 -2.061646e-06
	18500.0000 -1.831516e-06
	19000.0000 -2.247303e-06
	19500.0000 -2.576930e-06
	20000.0000 -3.506378e-06
	20500.0000 -3.755000e-06
	21000.0000 -4.331067e-06
	21500.0000 -5.077158e-06
	22000.0000 -6.369194e-06
	22500.0000 -6.126613e-06
	23000.0000 -6.002580e-06
	23500.0000 -7.445331e-06
	24000.0000 -9.573601e-06
	24500.0000 -1.166351e-05
	25000.0000 -1.359755e-05
	25500.0000 -1.540557e-05
	26000.0000 -1.705822e-05
	26500.0000 -1.872120e-05
	27000.0000 -2.026962e-05
	27500.0000 -2.163028e-05
	28000.0000 -2.295113e-05
	28500.0000 -2.417895e-05
	29000.0000 -2.606441e-05
	29500.0000 -2.746012e-05
	30000.0000 -2.881597e-05
	30500.0000 -3.019404e-05
	31000.0000 -3.169753e-05
	31500.0000 -3.312043e-05
	32000.0000 -3.456592e-05
	32500.0000 -3.674137e-05
	33000.0000 -3.070804e-05
1000	74
	 37.0000 -1.372369e-06
	112.0000 -1.598399e-05
	194.0000 -1.968778e-05
	288.0000 -1.979794e-05
	395.0000 -1.956417e-05
	520.0000 -1.868093e-05
	667.0000 -2.035801e-05
	843.0000 -2.234431e-05
	1062.0000 -2.160532e-05
	1331.0000 -2.050128e-05
	1664.0000 -1.915994e-05
	2055.0000 -1.831243e-05
	2505.0000 -1.798752e-05
	3000.0000 -1.822857e-05
	3500.0000 -1.952468e-05
	4000.0000 -2.120654e-05
	4500.0000 -2.265586e-05
	5000.0000 -2.375578e-05
	5500.0000 -2.434387e-05
	6000.0000 -2.434451e-05
	6500.0000 -2.404444e-05
	7000.0000 -2.322186e-05
	7500.0000 -2.190132e-05
	8000.0000 -2.060573e-05
	8500.0000 -1.919585e-05
	9000.0000 -1.785657e-05
	9500.0000 -1.645248e-05
	10000.0000 -1.514376e-05
	10500.0000 -1.426391e-05
	11000.0000 -1.353843e-05
	11500.0000 -1.250471e-05
	12000.0000 -1.011779e-05
	12500.0000 -6.038378e-06
	13000.0000 -2.126424e-06
	13500.0000 4.124398e-07
	14000.0000 1.738532e-06
	14500.0000 1.097139e-06
	15000.0000 1.715939e-08
	15500.0000 -7.810842e-07
	16000.0000 -1.382274e-06
	16500.0000 -1.871256e-06
	17000.0000 -2.082864e-06
	17500.0000 -1.960088e-06
	18000.0000 -2.061646e-06
	18500.0000 -1.831516e-06
	19000.0000 -2.247303e-06
	19500.0000 -2.576930e-06
	20000.0000 -3.506378e-06
	20500.0000 -3.755000e-06
	21000.0000 -4.331067e-06
	21500.0000 -5.077158e-06
	22000.0000 -6.369194e-06
	22500.0000 -6.126613e-06
	23000.0000 -6.002580e-06
	23500.0000 -7.445331e-06
	24000.0000 -9.573601e-06
	24500.0000 -1.166351e-05
	25000.0000 -1.359755e-05
	25500.0000 -1.540557e-05
	26000.0000 -1.705822e-05
	26500.0000 -1.872120e-05
	27000.0000 -2.026962e-05
	27500.0000 -2.163028e-05
	28000.0000 -2.295113e-05
	28500.0000 -2.417895e-05
	29000.0000 -2.606441e-05
	29500.0000 -2.746012e-05
	30000.0000 -2.881597e-05
	30500.0000 -3.019404e-05
	31000.0000 -3.169753e-05
	31500.0000 -3.312043e-05
	32000.0000 -3.456592e-05
	32500.0000 -3.674137e-05
	33000.0000 -3.070804e-05